0.9317205156772242
0.9320388349514563
0.9320388349514563
0.9320388349514563
0.9320388349514563
0.9318796753143402
0.9318796753143402
0.9318796753143402
0.9318796753143402
0.9320388349514563
0.9320388349514563
0.9320388349514563
0.9310838771287602
0.9307655578545281
0.9314021964029922
0.9314021964029922
0.9314021964029922
0.9314021964029922
0.9314021964029922
0.9314021964029922
0.9314021964029922
0.9314021964029922
0.9307655578545281
0.9307655578545281
0.9310838771287602
0.9314021964029922
0.9314021964029922
0.9314021964029922
0.9310838771287602
0.9310838771287602
0.9310838771287602
0.9310838771287602
0.9310838771287602
0.9310838771287602
0.9310838771287602
0.9312430367658762
0.9312430367658762
0.9314021964029922
0.9314021964029922
0.9314021964029922
0.9314021964029922
0.9314021964029922
0.9317205156772242
0.9317205156772242
0.9317205156772242
0.9317205156772242
0.9317205156772242
0.9317205156772242
0.9317205156772242
0.9317205156772242
0.9317205156772242
0.9317205156772242
0.9318796753143402
0.9318796753143402
0.9318796753143402
0.9318796753143402
0.9318796753143402
0.9318796753143402
0.9318796753143402
0.9318796753143402
0.9318796753143402
0.9318796753143402
0.9318796753143402
0.9318796753143402
0.9318796753143402
0.9318796753143402
0.9318796753143402
0.9318796753143402
0.9318796753143402
0.9318796753143402
0.9318796753143402
0.9318796753143402
0.9320388349514563
0.9320388349514563
0.9320388349514563
0.9320388349514563
0.9321979945885723
0.9321979945885723
0.9321979945885723
0.9321979945885723
0.9323571542256883
0.9323571542256883
0.9323571542256883
0.9323571542256883
0.9323571542256883
0.9325163138628044
0.9315613560401083
0.9310838771287602
0.9310838771287602
0.9310838771287602
0.930128919306064
0.9296514403947159
0.9296514403947159
0.9296514403947159
0.9296514403947159
0.9290148018462517
0.9290148018462517
0.9290148018462517
0.9274232054750915
0.9271048862008595
0.9271048862008595
0.9267865669266274
0.9261499283781633
0.924558332007003
0.924558332007003
0.924240012732771
0.924240012732771
0.924240012732771
0.9239216934585389
0.9239216934585389
0.9236033741843068
