0.9389686422327372
0.9394401219218738
0.9394401219218738
0.9394401219218738
0.9394401219218738
0.9393550457243702
0.9393550457243702
0.9394304051343763
0.9394304051343763
0.9396662387676509
0.9396662387676509
0.9396662387676509
0.9389294599149346
0.9386837881219904
0.9396274887604367
0.9396274887604367
0.9396274887604367
0.9396274887604367
0.9396274887604367
0.9398538504777965
0.9398538504777965
0.9398538504777965
0.9393623002168501
0.9393623002168501
0.9399100257069408
0.9404580152671755
0.9404580152671755
0.9404580152671755
0.9402121504339441
0.9403632856453945
0.9403632856453945
0.9403632856453945
0.9403632856453945
0.9403632856453945
0.9403632856453945
0.9405996302548028
0.9405996302548028
0.9408360128617363
0.9408360128617363
0.9408360128617363
0.9409872969930856
0.9411386297844966
0.9416117098278912
0.9416117098278912
0.9416117098278912
0.9416117098278912
0.9416117098278912
0.9416117098278912
0.9416117098278912
0.9416117098278912
0.9416117098278912
0.9416117098278912
0.9418483069251186
0.9418483069251186
0.9418483069251186
0.9418483069251186
0.9418483069251186
0.9418483069251186
0.9418483069251186
0.9418483069251186
0.9418483069251186
0.9418483069251186
0.9418483069251186
0.9418483069251186
0.9418483069251186
0.9418483069251186
0.9418483069251186
0.9418483069251186
0.9418483069251186
0.9418483069251186
0.9418483069251186
0.9418483069251186
0.9420849420849422
0.9420849420849422
0.9420849420849422
0.9420849420849422
0.9423974255832663
0.9423974255832663
0.9423974255832663
0.9423974255832663
0.9426341620403894
0.9426341620403894
0.9426341620403894
0.9426341620403894
0.9426341620403894
0.9428709365947859
0.9421327967806841
0.9418773144421189
0.9418773144421189
0.9418773144421189
0.9411385779853451
0.9408827319587628
0.9408827319587628
0.9408827319587628
0.9408827319587628
0.940389882390849
0.940389882390849
0.940389882390849
0.93915706342171
0.9389103803997421
0.9389103803997421
0.938663657612638
0.9381700927045548
0.9370110492781676
0.9370110492781676
0.9367639941926117
0.9367639941926117
0.9367639941926117
0.9365168992498185
0.9365168992498185
0.936269764440142
