0.6965643529822114
0.7020404604115801
0.7042029996512034
0.7059818625741193
0.7059818625741193
0.7059818625741193
0.7059818625741193
0.7059469829089641
0.706086501569585
0.706086501569585
0.706086501569585
0.706086501569585
0.706086501569585
0.7061039414021626
0.7064527380537147
0.7064527380537147
0.7065224973840251
0.7065399372166027
0.7065399372166027
0.7065399372166027
0.7067840948726892
0.7067840948726892
0.7067840948726892
0.7068015347052669
0.7068015347052669
0.7068015347052669
0.7069933728636205
0.7072200906871294
0.7072200906871294
0.7072200906871294
0.7072200906871294
0.7074119288454831
0.7074119288454831
0.7074119288454831
0.7074119288454831
0.7073072898500175
0.7073072898500175
0.7073072898500175
0.7073072898500175
0.7073072898500175
0.7073072898500175
0.7073072898500175
0.7073072898500175
0.7073072898500175
0.7073072898500175
0.7073072898500175
0.7073072898500175
0.7074119288454831
0.7074119288454831
0.7074119288454831
0.7074119288454831
0.7074119288454831
0.7074119288454831
0.7074119288454831
0.7074119288454831
0.7074468085106383
0.7074468085106383
0.7074468085106383
0.7074468085106383
0.7074468085106383
0.7074468085106383
0.7075340076735264
0.7075340076735264
0.707551447506104
0.707551447506104
0.707551447506104
0.707551447506104
0.707638646668992
0.707638646668992
0.707638646668992
0.707638646668992
0.7076735263341472
0.7077084059993024
0.7077084059993024
0.7077084059993024
0.7077084059993024
0.7077084059993024
0.7077084059993024
0.70772584583188
0.70772584583188
0.70772584583188
0.7077607254970353
0.7077607254970353
0.7077607254970353
0.7077607254970353
0.707813044994768
0.7077956051621904
0.7077956051621904
0.7077956051621904
0.7077956051621904
0.7077956051621904
0.707813044994768
0.707813044994768
0.707813044994768
0.707813044994768
0.7078828043250784
0.7078828043250784
0.7078828043250784
0.7079351238228113
0.7079351238228113
0.7079351238228113
0.7079351238228113
0.7079351238228113
0.7079351238228113
0.7079351238228113
0.7079351238228113
0.7079351238228113
0.7079351238228113
0.7079351238228113
0.7079351238228113
0.7079700034879666
0.7079700034879666
0.7079700034879666
0.7079700034879666
0.7079874433205441
0.7079874433205441
0.707952563655389
0.7082490408092083
0.7082490408092083
0.7082490408092083
0.7082490408092083
0.7082664806417859
0.7082664806417859
0.7082664806417859
0.7082664806417859
0.7082664806417859
0.7082664806417859
0.7082664806417859
0.7082664806417859
0.7082664806417859
0.7082664806417859
0.7082664806417859
0.7082664806417859
0.7082664806417859
0.7082664806417859
0.7082664806417859
0.7082664806417859
0.7082664806417859
0.7082664806417859
0.7082664806417859
0.7082664806417859
0.7082664806417859
0.7082664806417859
0.7082664806417859
0.7082664806417859
0.7082664806417859
0.7082664806417859
0.7082664806417859
0.7082839204743634
0.7082839204743634
0.7082839204743634
0.7082839204743634
0.7082839204743634
0.7082839204743634
0.7082839204743634
0.7082490408092083
0.7082839204743634
0.7082490408092083
0.7082490408092083
0.7082490408092083
0.7082664806417859
0.7082664806417859
0.7082664806417859
0.7082664806417859
0.7082664806417859
0.7082664806417859
0.7082664806417859
0.7082664806417859
0.7082664806417859
0.7082664806417859
0.7082664806417859
0.7082839204743634
0.7082839204743634
0.7082839204743634
0.7082839204743634
0.7082839204743634
0.708301360306941
0.708301360306941
0.708301360306941
0.7083188001395186
0.7083188001395186
0.7083188001395186
0.7083188001395186
0.7083188001395186
0.7083188001395186
0.7083188001395186
0.7083188001395186
0.7083188001395186
0.7083188001395186
0.7083188001395186
0.7083188001395186
0.7083188001395186
0.7083362399720963
0.7083362399720963
0.7083362399720963
0.7083362399720963
0.7083362399720963
0.7083362399720963
0.7083362399720963
0.7083362399720963
0.7083362399720963
0.7083362399720963
0.7083362399720963
0.708214161144053
0.708214161144053
0.708214161144053
0.708214161144053
0.708214161144053
0.708214161144053
0.708214161144053
0.7082490408092083
0.7082664806417859
0.7082664806417859
0.7082664806417859
0.7082664806417859
0.7082664806417859
0.7082839204743634
0.7082839204743634
0.7082839204743634
0.7082839204743634
0.7082839204743634
0.7082839204743634
0.708301360306941
0.708301360306941
0.708301360306941
0.708301360306941
0.708301360306941
0.708301360306941
0.708301360306941
0.708301360306941
0.708301360306941
0.708301360306941
0.708301360306941
0.708301360306941
0.708301360306941
0.708301360306941
0.708301360306941
0.708301360306941
0.708301360306941
0.708301360306941
0.708301360306941
0.708301360306941
0.708301360306941
0.708301360306941
0.708301360306941
0.708301360306941
0.708301360306941
0.708301360306941
0.708301360306941
0.708301360306941
0.708301360306941
0.708301360306941
0.708301360306941
0.708301360306941
0.7083188001395186
0.7083188001395186
0.7083188001395186
0.7083188001395186
0.7083188001395186
0.7082664806417859
0.7082664806417859
0.7082664806417859
0.708301360306941
0.7082490408092083
0.7082839204743634
0.7082839204743634
0.708214161144053
0.7081444018137426
0.7081444018137426
0.7081444018137426
0.708126961981165
0.708126961981165
0.708126961981165
0.708126961981165
0.7074991280083711
0.7074991280083711
0.7074991280083711
0.7074991280083711
0.7074991280083711
0.7074642483432159
0.7058423439134984
0.7058423439134984
