0.7540946465151844
0.7638664870301144
0.7675667455542566
0.7705749664499795
0.7705749664499795
0.7705823006491157
0.7705823006491157
0.7705515633179459
0.7707918860003997
0.7707918860003997
0.7707918860003997
0.7707918860003997
0.7707918860003997
0.7708182614324336
0.7714193216659366
0.7714193216659366
0.771532228115448
0.7715586196389121
0.7715586196389121
0.7715586196389121
0.7719796180770512
0.7719796180770512
0.7719796180770512
0.7720060193915843
0.7720060193915843
0.7720060193915843
0.7723479652491997
0.7727207766842291
0.7727207766842291
0.7727207766842291
0.7727207766842291
0.7730261277228289
0.7730334937348134
0.7730334937348134
0.7730334937348134
0.7729412437346344
0.7729412437346344
0.7729412437346344
0.7729486092185133
0.7729486092185133
0.7729486092185133
0.7729486092185133
0.7729486092185133
0.7729486092185133
0.7729486092185133
0.7729486092185133
0.7729486092185133
0.7731218968294054
0.7731218968294054
0.7731218968294054
0.7731218968294054
0.7731218968294054
0.7731218968294054
0.7731218968294054
0.7731734746392697
0.7732410743218773
0.7732410743218773
0.7732410743218773
0.7732410743218773
0.7732410743218773
0.7732410743218773
0.7733879807463185
0.7733879807463185
0.7734144156166003
0.7734144156166003
0.7734144156166003
0.7734144156166003
0.773546597527381
0.773546597527381
0.773546597527381
0.7735687186624217
0.7736289715260763
0.7736966033994604
0.7736966033994604
0.7736966033994604
0.7736966033994604
0.7736966033994604
0.7736966033994604
0.7737230452439513
0.7737230452439513
0.7737230452439513
0.7737759304453936
0.7737759304453936
0.7737759304453936
0.7737759304453936
0.7738700174466828
0.77388784013119
0.77388784013119
0.77388784013119
0.77388784013119
0.77388784013119
0.7739142870763218
0.7739142870763218
0.7739142870763218
0.7739142870763218
0.7740200799000773
0.7740200799000773
0.7740200799000773
0.7741068108355503
0.7741068108355503
0.7741068108355503
0.7741068108355503
0.7741068108355503
0.7741068108355503
0.7741068108355503
0.7741068108355503
0.7741068108355503
0.7741068108355503
0.7741068108355503
0.7741068108355503
0.7741597139451728
0.7741597139451728
0.7741597139451728
0.7741597139451728
0.7741861662566507
0.7741861662566507
0.7741554070161052
0.7746421111863502
0.7746421111863502
0.7746421111863502
0.7746421111863502
0.7746685741535528
0.7746685741535528
0.7746685741535528
0.7746685741535528
0.7746685741535528
0.7746685741535528
0.7746685741535528
0.7746685741535528
0.7746685741535528
0.7746685741535528
0.7746685741535528
0.7746685741535528
0.7746685741535528
0.7746685741535528
0.7746685741535528
0.7746685741535528
0.7746685741535528
0.7746685741535528
0.7746685741535528
0.7746685741535528
0.7746685741535528
0.7746685741535528
0.7746685741535528
0.7746685741535528
0.7746685741535528
0.7746685741535528
0.7746685741535528
0.7746950376255377
0.7746950376255377
0.7746950376255377
0.7746950376255377
0.7746950376255377
0.7746950376255377
0.7746950376255377
0.7746642759041661
0.7747172042805639
0.7746864418904096
0.7746864418904096
0.7746864418904096
0.7747202960617304
0.7747202960617304
0.7747202960617304
0.7747202960617304
0.7747202960617304
0.7747202960617304
0.7747202960617304
0.7747202960617304
0.7747202960617304
0.7747202960617304
0.7747202960617304
0.7747467617939374
0.7747467617939374
0.7747467617939374
0.7747467617939374
0.7747467617939374
0.7747732280310183
0.7747732280310183
0.7747732280310183
0.7747996947729875
0.7747996947729875
0.7747996947729875
0.7747996947729875
0.7747996947729875
0.7747996947729875
0.7747996947729875
0.7747996947729875
0.7747996947729875
0.7747996947729875
0.7747996947729875
0.7747996947729875
0.7747996947729875
0.7748261620198591
0.7748261620198591
0.7748261620198591
0.7748261620198591
0.7748335527194338
0.7748335527194338
0.7748335527194338
0.7748335527194338
0.7748335527194338
0.7748335527194338
0.7748335527194338
0.7747369625976552
0.7747369625976552
0.7747369625976552
0.7747369625976552
0.7747369625976552
0.7747369625976552
0.7747369625976552
0.7747898999341799
0.7748163693599162
0.7748163693599162
0.7748163693599162
0.7748163693599162
0.7748163693599162
0.7748428392906542
0.7748428392906542
0.7748428392906542
0.7748428392906542
0.7748428392906542
0.7748428392906542
0.774869309726409
0.774869309726409
0.774869309726409
0.774869309726409
0.774869309726409
0.774869309726409
0.774869309726409
0.774869309726409
0.774869309726409
0.774869309726409
0.774869309726409
0.774869309726409
0.774869309726409
0.774869309726409
0.774869309726409
0.774869309726409
0.774869309726409
0.774869309726409
0.774869309726409
0.774869309726409
0.774869309726409
0.774869309726409
0.774869309726409
0.774869309726409
0.774869309726409
0.774869309726409
0.774869309726409
0.774869309726409
0.774869309726409
0.774869309726409
0.774869309726409
0.774869309726409
0.7748957806671947
0.7748957806671947
0.7748957806671947
0.7748957806671947
0.7748957806671947
0.7748607189193314
0.7748607189193314
0.7748681110061724
0.7749210558952881
0.7748786002537708
0.7749315473635001
0.7749315473635001
0.774892187917414
0.7748306459307318
0.7748306459307318
0.7748306459307318
0.7748189563873332
0.7748189563873332
0.7748189563873332
0.7748189563873332
0.7743388591443106
0.7743388591443106
0.7743388591443106
0.7743388591443106
0.7743388591443106
0.7743080740599351
0.7729386488422058
0.7729386488422058
