0.8219834948858842
0.8376336926214157
0.843460823428655
0.8481781800657908
0.8481781800657908
0.8481959518920504
0.8481959518920504
0.848171817705605
0.8485528053151132
0.8485528053151132
0.8485528053151132
0.8485528053151132
0.8485528053151132
0.8485915492957746
0.8495449016400318
0.8495449016400318
0.8497178933238249
0.8497566909975669
0.8497566909975669
0.8497566909975669
0.8504249291784702
0.8504249291784702
0.8504249291784702
0.8504637596004533
0.8504637596004533
0.8504637596004533
0.8510160382903686
0.8515928515928516
0.8515928515928516
0.8515928515928516
0.8515928515928516
0.8520564634709911
0.8520743619367713
0.8520743619367713
0.8520743619367713
0.8520020167219865
0.8520020167219865
0.8520020167219865
0.8520199155479927
0.8520199155479927
0.8520199155479927
0.8520199155479927
0.8520199155479927
0.8520199155479927
0.8520199155479927
0.8520199155479927
0.8520199155479927
0.8522892021935999
0.8522892021935999
0.8522892021935999
0.8522892021935999
0.8522892021935999
0.8522892021935999
0.8522892021935999
0.8524145757155466
0.8525282669917196
0.8525282669917196
0.8525282669917196
0.8525282669917196
0.8525282669917196
0.8525282669917196
0.8527588018917499
0.8527588018917499
0.8527977466683483
0.8527977466683483
0.8527977466683483
0.8527977466683483
0.8529924951123631
0.8529924951123631
0.8529924951123631
0.8530462935710381
0.8531421483085592
0.8532559557602136
0.8532559557602136
0.8532559557602136
0.8532559557602136
0.8532559557602136
0.8532559557602136
0.8532949240926868
0.8532949240926868
0.8532949240926868
0.8533728656741526
0.8533728656741526
0.8533728656741526
0.8533728656741526
0.8535256882084499
0.8535944138308165
0.8535944138308165
0.8535944138308165
0.8535944138308165
0.8535944138308165
0.8536333999369019
0.8536333999369019
0.8536333999369019
0.8536333999369019
0.8537893607622894
0.8537893607622894
0.8537893607622894
0.8539243115888676
0.8539243115888676
0.8539243115888676
0.8539243115888676
0.8539243115888676
0.8539243115888676
0.8539243115888676
0.8539243115888676
0.8539243115888676
0.8539243115888676
0.8539243115888676
0.8539243115888676
0.8540023140843589
0.8540023140843589
0.8540023140843589
0.8540023140843589
0.8540413177935793
0.8540413177935793
0.854017209096838
0.8547704742059734
0.8547704742059734
0.8547704742059734
0.8547704742059734
0.8548095137865712
0.8548095137865712
0.8548095137865712
0.8548095137865712
0.8548095137865712
0.8548095137865712
0.8548095137865712
0.8548095137865712
0.8548095137865712
0.8548095137865712
0.8548095137865712
0.8548095137865712
0.8548095137865712
0.8548095137865712
0.8548095137865712
0.8548095137865712
0.8548095137865712
0.8548095137865712
0.8548095137865712
0.8548095137865712
0.8548095137865712
0.8548095137865712
0.8548095137865712
0.8548095137865712
0.8548095137865712
0.8548095137865712
0.8548095137865712
0.8548485550106296
0.8548485550106296
0.8548485550106296
0.8548485550106296
0.8548485550106296
0.8548485550106296
0.8548485550106296
0.8548244506188432
0.8549025386266997
0.8548784338490685
0.8548784338490685
0.8548784338490685
0.8549354777592995
0.8549354777592995
0.8549354777592995
0.8549354777592995
0.8549354777592995
0.8549354777592995
0.8549354777592995
0.8549354777592995
0.8549354777592995
0.8549354777592995
0.8549354777592995
0.8549745273883205
0.8549745273883205
0.8549745273883205
0.8549745273883205
0.8549745273883205
0.8550135786615018
0.8550135786615018
0.8550135786615018
0.8550526315789474
0.8550526315789474
0.8550526315789474
0.8550526315789474
0.8550526315789474
0.8550526315789474
0.8550526315789474
0.8550526315789474
0.8550526315789474
0.8550526315789474
0.8550526315789474
0.8550526315789474
0.8550526315789474
0.8550916861407608
0.8550916861407608
0.8550916861407608
0.8550916861407608
0.8551096888290033
0.8551096888290033
0.8551096888290033
0.8551096888290033
0.8551096888290033
0.8551096888290033
0.8551096888290033
0.8550523235003054
0.8550523235003054
0.8550523235003054
0.8550523235003054
0.8550523235003054
0.8550523235003054
0.8550523235003054
0.8551304457686719
0.8551695093703938
0.8551695093703938
0.8551695093703938
0.8551695093703938
0.8551695093703938
0.8552085746172798
0.8552085746172798
0.8552085746172798
0.8552085746172798
0.8552085746172798
0.8552085746172798
0.855247641509434
0.855247641509434
0.855247641509434
0.855247641509434
0.855247641509434
0.855247641509434
0.855247641509434
0.855247641509434
0.855247641509434
0.855247641509434
0.855247641509434
0.855247641509434
0.855247641509434
0.855247641509434
0.855247641509434
0.855247641509434
0.855247641509434
0.855247641509434
0.855247641509434
0.855247641509434
0.855247641509434
0.855247641509434
0.855247641509434
0.855247641509434
0.855247641509434
0.855247641509434
0.855247641509434
0.855247641509434
0.855247641509434
0.855247641509434
0.855247641509434
0.855247641509434
0.8552867100469602
0.8552867100469602
0.8552867100469602
0.8552867100469602
0.8552867100469602
0.855277567180524
0.855277567180524
0.8552955794705474
0.8553737284387439
0.8553465742749427
0.8554247319754829
0.8554247319754829
0.8554305695989215
0.8553823467453129
0.8553823467453129
0.8553823467453129
0.855379300174851
0.855379300174851
0.855379300174851
0.855379300174851
0.8551253135473535
0.8551253135473535
0.8551253135473535
0.8551253135473535
0.8551253135473535
0.8551011804384485
0.8541310541310542
0.8541310541310542
